       11.481190       11.338192       11.338192       11.338192       11.552689
       11.552689       11.749310       11.749310       11.677812       11.677812
       11.016447       11.016447       11.052197       11.052197       9.8545914
       9.8545914       9.8188410       9.8188410       11.087946       11.767185
       11.767185       11.767185       11.391816       11.391816       11.391816
       11.820809       11.820809       11.463315       11.463315       10.337208
       10.247835
       11.338192       11.338192       11.338192       11.552689       11.552689
       11.749310       11.749310       11.677812       11.677812       11.391816
       11.016447       9.9082146       11.052197       9.8545914       9.8545914
       9.8188410       9.8188410       11.087946       11.087946       11.767185
       11.767185       11.391816       11.391816       11.391816       11.820809
       11.820809       11.463315       11.463315       10.337208       10.337208
       10.247835
       9.7652168       9.7652168       9.9082146       10.229960       10.623203
       11.052197       11.052197       11.016447       11.016447       10.944948
       11.695686       11.874434       11.749310       11.749310       11.677812
       11.677812       11.838684       11.820809       11.820809       11.284568
       11.284568       11.195194       11.195194       11.266693       11.266693
       11.070071       11.070071       10.801950       10.801950       10.229960
       10.515955
       9.9082146       10.229960       10.623203       11.052197       11.052197
       11.016447       11.016447       10.944948       10.944948       11.159445
       11.874434       11.695686       11.677812       11.677812       11.838684
       11.820809       11.820809       11.659937       11.659937       11.195194
       11.195194       11.266693       11.266693       11.070071       11.070071
       10.801950       10.801950       10.229960       10.229960       10.229960
       9.5685959
       10.623203       11.052197       11.052197       11.016447       11.016447
       10.944948       10.944948       11.159445       11.159445       11.016447
       11.695686       11.838684       11.838684       11.820809       11.820809
       11.659937       11.659937       11.552689       11.552689       11.266693
       11.266693       11.070071       11.070071       10.801950       10.801950
       10.229960       10.229960       10.229960       9.6400948       9.6400948
       8.9429808
       11.052197       11.016447       11.016447       10.944948       10.944948
       11.159445       11.159445       11.016447       11.016447       11.302443
       11.838684       11.820809       11.820809       11.659937       11.659937
       11.552689       11.552689       11.159445       11.159445       11.070071
       11.070071       10.801950       10.801950       10.229960       10.229960
       10.229960       9.6400948       9.6400948       8.7999830       8.7999830
       8.6569853
       11.016447       10.944948       10.944948       11.159445       11.159445
       11.016447       11.016447       11.302443       11.373941       11.373941
       11.695686       11.481190       11.659937       11.552689       11.552689
       11.159445       11.159445       11.248818       11.248818       10.801950
       10.801950       10.229960       10.229960       10.229960       9.6400948
       9.6400948       8.7999830       8.7999830       8.6033621       8.6033621
       8.5676117
       11.820809       11.659937       11.659937       11.552689       11.552689
       11.159445       11.159445       11.248818       11.248818       11.320317
       11.070071       10.801950       10.515955       10.515955       10.515955
       9.5685959       9.5685959       8.9429808       8.9429808       8.5497370
       8.5497370       8.5497370       8.5497370       8.6033621       8.6033621
       8.6212358       8.6212358       8.6212358       8.6212358       8.6033621
       8.6033621
       11.659937       11.659937       11.552689       11.552689       11.159445
       11.159445       11.248818       11.248818       11.320317       11.320317
       10.801950       10.801950       10.515955       10.515955       9.5685959
       9.5685959       8.9429808       8.9429808       8.6569853       8.5497370
       8.5497370       8.5497370       8.6033621       8.6033621       8.6212358
       8.6212358       8.6212358       8.6212358       8.6033621       8.6033621
       8.5854864
       11.552689       11.159445       11.159445       11.248818       11.248818
       11.320317       11.320317       11.284568       11.284568       11.284568
       10.229960       10.229960       9.5685959       8.9429808       8.9429808
       8.6569853       8.6569853       8.5676117       8.5676117       8.6033621
       8.6033621       8.6212358       8.6212358       8.6212358       8.6212358
       8.6033621       8.6033621       8.6033621       8.6033621       8.6033621
       8.6033621
       11.481190       11.481190       11.338192       11.338192       11.338192
       11.552689       11.552689       11.749310       11.749310       11.677812
       11.195194       11.016447       11.052197       11.052197       11.052197
       9.8545914       9.8545914       9.8188410       9.8188410       11.767185
       11.767185       11.767185       11.767185       11.391816       11.391816
       11.391816       11.820809       11.820809       11.463315       11.463315
       11.195194
       9.7652168       9.9082146       10.229960       10.623203       11.052197
       11.052197       11.016447       11.016447       10.944948       10.944948
       11.874434       11.874434       11.749310       11.677812       11.677812
       11.838684       11.820809       11.820809       11.659937       11.284568
       11.195194       11.195194       11.266693       11.266693       11.070071
       11.070071       10.801950       10.801950       10.229960       10.229960
       9.5685959
       10.229960       10.623203       11.052197       11.052197       11.016447
       11.016447       10.944948       10.944948       11.159445       11.159445
       11.695686       11.695686       11.677812       11.838684       11.820809
       11.820809       11.659937       11.659937       11.552689       11.195194
       11.266693       11.266693       11.070071       11.070071       10.801950
       10.801950       10.229960       10.229960       10.229960       9.6400948
       8.9429808
       11.052197       11.052197       11.016447       11.016447       10.944948
       10.944948       11.159445       11.159445       11.016447       11.016447
       11.838684       11.838684       11.820809       11.820809       11.659937
       11.659937       11.552689       11.552689       11.159445       11.266693
       11.070071       11.070071       10.801950       10.801950       10.229960
       10.229960       10.229960       9.6400948       9.6400948       8.7999830
       8.6569853
       11.016447       11.016447       10.944948       10.944948       11.159445
       11.159445       11.016447       11.016447       11.302443       11.373941
       11.820809       11.695686       11.659937       11.659937       11.552689
       11.552689       11.159445       11.159445       11.248818       11.070071
       10.801950       10.801950       10.229960       10.229960       10.229960
       9.6400948       9.6400948       8.7999830       8.7999830       8.6033621
       8.5676117
       11.070071       11.070071       11.302443       11.302443       11.016447
       11.159445       11.159445       11.445440       11.445440       11.695686
       11.659937       11.552689       11.338192       11.338192       11.195194
       11.195194       11.230944       11.230944       11.230944       10.515955
       10.515955       9.5685959       9.5685959       8.9429808       8.9429808
       8.6569853       8.6569853       8.5676117       8.5676117       8.5497370
       8.5497370
       11.070071       11.302443       11.302443       11.016447       11.159445
       11.159445       11.445440       11.445440       11.695686       11.695686
       11.552689       11.552689       11.338192       11.195194       11.195194
       11.230944       11.230944       11.230944       11.427567       10.515955
       9.5685959       9.5685959       8.9429808       8.9429808       8.6569853
       8.6569853       8.5676117       8.5676117       8.5497370       8.5497370
       8.5497370
       11.659937       11.552689       11.552689       11.159445       11.159445
       11.248818       11.248818       11.320317       11.320317       11.284568
       10.801950       10.229960       10.515955       9.5685959       9.5685959
       8.9429808       8.9429808       8.6569853       8.6569853       8.5497370
       8.5497370       8.6033621       8.6033621       8.6212358       8.6212358
       8.6212358       8.6212358       8.6033621       8.6033621       8.6033621
       8.5854864
       11.552689       11.552689       11.159445       11.159445       11.248818
       11.248818       11.320317       11.320317       11.284568       11.284568
       10.229960       10.229960       9.5685959       9.5685959       8.9429808
       8.9429808       8.6569853       8.6569853       8.5676117       8.5497370
       8.6033621       8.6033621       8.6212358       8.6212358       8.6212358
       8.6212358       8.6033621       8.6033621       8.6033621       8.6033621
       8.6033621
       11.481190       11.481190       11.338192       11.338192       11.338192
       11.552689       11.552689       11.749310       11.749310       11.677812
       11.195194       11.016447       11.052197       11.052197       11.052197
       9.8545914       9.8545914       9.8188410       9.8188410       11.767185
       11.767185       11.767185       11.767185       11.391816       11.391816
       11.391816       11.820809       11.820809       11.463315       11.463315
       11.195194
       9.7652168       9.9082146       10.229960       10.623203       11.052197
       11.052197       11.016447       11.016447       10.944948       10.944948
       11.874434       11.874434       11.749310       11.677812       11.677812
       11.838684       11.820809       11.820809       11.659937       11.284568
       11.195194       11.195194       11.266693       11.266693       11.070071
       11.070071       10.801950       10.801950       10.229960       10.229960
       9.5685959
       10.229960       10.623203       11.052197       11.052197       11.016447
       11.016447       10.944948       10.944948       11.159445       11.159445
       11.695686       11.695686       11.677812       11.838684       11.820809
       11.820809       11.659937       11.659937       11.552689       11.195194
       11.266693       11.266693       11.070071       11.070071       10.801950
       10.801950       10.229960       10.229960       10.229960       9.6400948
       8.9429808
       11.052197       11.052197       11.016447       11.016447       10.944948
       10.944948       11.159445       11.159445       11.016447       11.016447
       11.838684       11.838684       11.820809       11.820809       11.659937
       11.659937       11.552689       11.552689       11.159445       11.266693
       11.070071       11.070071       10.801950       10.801950       10.229960
       10.229960       10.229960       9.6400948       9.6400948       8.7999830
       8.6569853
       11.016447       11.016447       10.944948       10.944948       11.159445
       11.159445       11.016447       11.016447       11.302443       11.373941
       11.820809       11.695686       11.659937       11.659937       11.552689
       11.552689       11.159445       11.159445       11.248818       11.070071
       10.801950       10.801950       10.229960       10.229960       10.229960
       9.6400948       9.6400948       8.7999830       8.7999830       8.6033621
       8.5676117
       11.070071       11.070071       11.302443       11.302443       11.016447
       11.159445       11.159445       11.445440       11.445440       11.695686
       11.659937       11.552689       11.338192       11.338192       11.195194
       11.195194       11.230944       11.230944       11.230944       10.515955
       10.515955       9.5685959       9.5685959       8.9429808       8.9429808
       8.6569853       8.6569853       8.5676117       8.5676117       8.5497370
       8.5497370
       11.070071       11.302443       11.302443       11.016447       11.159445
       11.159445       11.445440       11.445440       11.695686       11.695686
       11.552689       11.552689       11.338192       11.195194       11.195194
       11.230944       11.230944       11.230944       11.427567       10.515955
       9.5685959       9.5685959       8.9429808       8.9429808       8.6569853
       8.6569853       8.5676117       8.5676117       8.5497370       8.5497370
       8.5497370
       11.659937       11.552689       11.552689       11.159445       11.159445
       11.248818       11.248818       11.320317       11.320317       11.284568
       10.801950       10.229960       10.515955       9.5685959       9.5685959
       8.9429808       8.9429808       8.6569853       8.6569853       8.5497370
       8.5497370       8.6033621       8.6033621       8.6212358       8.6212358
       8.6212358       8.6212358       8.6033621       8.6033621       8.6033621
       8.5854864
       11.552689       11.552689       11.159445       11.159445       11.248818
       11.248818       11.320317       11.320317       11.284568       11.284568
       10.229960       10.229960       9.5685959       9.5685959       8.9429808
       8.9429808       8.6569853       8.6569853       8.5676117       8.5497370
       8.6033621       8.6033621       8.6212358       8.6212358       8.6212358
       8.6212358       8.6033621       8.6033621       8.6033621       8.6033621
       8.6033621
